#name logM[Msun] rtP[pc] log(t[yr])K rcK[pc] rtK[pc] Rhm[pc] [Fe/H]K
#-------------------------------------------------------------------
ASCC_1                   3.962    36.900     8.406     0.380     5.510     1.480 99.999
ASCC_2                   3.054    15.300     8.870     1.150    13.580     3.729 99.999
ASCC_3                   2.789    12.800     7.729     5.800    10.540    -9.999 99.999
ASCC_4                   2.785    12.200     8.650     0.540     2.910     0.869 99.999
ASCC_5                   2.194     8.100     7.780     0.210     3.010     0.810 99.999
ASCC_6                   2.866    13.500     7.800     1.400     8.470     2.499 99.999
ASCC_7                   3.468    22.600     7.400     1.280    10.460     2.988 99.999
ASCC_8                   3.980    34.300     7.770     1.460    11.790     3.372 99.999
ASCC_9                   3.469    24.900     7.000     4.940    16.060     5.064 99.999
ASCC_10                  2.496     9.900     8.717     1.460     8.950     2.636 99.999
ASCC_11                  2.158     7.600     8.345     4.570     8.320    -9.999 99.999
ASCC_12                  1.700     5.300     8.630     0.600     3.670     1.081 99.999
ASCC_13                  3.396    20.100     7.710     4.200    28.570     8.323 99.999
ASCC_14                  2.384     9.500     8.530     2.060     5.420    -9.999 99.999
ASCC_15                  2.527    10.900     8.685     1.770     5.770     1.819 99.999
ASCC_16                  2.400     9.100     7.000     3.240     6.150    -9.999 99.999
ASCC_17                  3.393    22.600     7.265     1.240    11.250     3.178 99.999
ASCC_18                  2.708    11.500     7.150     1.640     3.140    -9.999 99.999
ASCC_19                  2.567    10.200     7.500     2.280     3.740    -9.999 99.999
ASCC_20                  2.827    12.600     7.000     0.000     0.000    -9.999 99.999
ASCC_21                  2.930    13.700     7.110     4.110     6.800    -9.999 99.999
ASCC_22                  2.463    10.400     8.455     0.390     6.090     1.623 99.999
ASCC_23                  2.163     7.700     8.485     0.600     6.280     1.747 99.999
ASCC_24                  1.601     4.900     7.300     0.200     4.960     1.258 99.999
ASCC_25                  2.337     9.400     9.100     4.430    11.760    -9.999 99.999
ASCC_26                  1.462     4.500     8.150     0.890     4.250     1.286 99.999
ASCC_27                  2.384     9.400     8.700     0.560     6.950     1.898 99.999
ASCC_28                  2.351     9.000     8.490     2.160     6.910     2.182 99.999
ASCC_29                  1.998     6.800     8.060     1.010     4.780     1.448 99.999
ASCC_30                  2.171     7.800     8.245     0.530     4.440     1.265 99.999
ASCC_31                  1.202     3.700     8.400     0.260     5.090     1.324 99.999
ASCC_32                  2.907    13.400     8.215     0.570     9.010     2.398 99.999
ASCC_33                  3.891    28.600     7.700     5.690     8.540    -9.999 -0.166
ASCC_34                  2.020     6.800     8.530     0.610     2.690     0.821 99.999
ASCC_35                  2.667    11.400     8.480     0.910     5.150     1.530 99.999
ASCC_36                  1.658     5.200     8.330     1.230     5.380     1.643 99.999
ASCC_37                  2.214     8.300     8.730     1.480     6.870     2.085 99.999
ASCC_38                  1.714     5.400     8.600     1.510     3.600    -9.999 99.999
ASCC_39                  3.288    18.700     8.710     2.460    11.550     3.501 99.999
ASCC_40                  1.425     4.300     8.800     2.020    14.330     4.156 99.999
ASCC_41                  1.708     5.300     8.700     0.300     2.460     0.702 99.999
ASCC_42                  2.786    11.900     8.150     0.340     4.440     1.206 99.999
ASCC_43                  2.864    13.000     8.215     0.840     6.340     1.826 99.999
ASCC_44                  3.371    18.800     7.900     1.490     4.440    -9.999 99.999
ASCC_45                  3.907    31.200     7.250     1.160    10.610     2.994 99.999
ASCC_46                  3.129    15.500     7.800     1.550     5.550     1.732 99.999
ASCC_47                  3.300    17.900     7.880     1.760     5.710     1.801 99.999
ASCC_48                  1.498     4.400     9.185     0.500     2.710     0.809 99.999
ASCC_49                  2.954    13.700     7.895     0.960     4.940     1.483 99.999
ASCC_50                  2.786    12.000     7.800     4.140     6.120    -9.999 99.999
ASCC_51                  2.790    11.700     8.540     0.690     5.670     1.619 99.999
ASCC_52                  3.332    17.900     7.950     2.750     9.180     2.886 99.999
ASCC_53                  4.168    33.900     8.000     1.490    10.130     2.951 99.999
ASCC_54                  2.736    11.300     8.865     2.030     9.470     2.872 99.999
ASCC_55                  2.490     9.300     8.450     1.380    10.980     3.145 99.999
ASCC_56                  2.728    11.100     8.635     0.860     5.830     1.699 99.999
ASCC_57                  3.667    22.600     9.260     3.250     7.810    -9.999 -0.347
ASCC_58                  2.521     9.600     7.200     1.540     4.190    -9.999 99.999
ASCC_59                  2.192     7.400     8.460     0.000     0.000    -9.999 99.999
ASCC_60                  1.289     3.700     8.125     2.590     6.060    -9.999 99.999
ASCC_61                  3.816    25.400     7.665     0.820     7.970     2.235 99.999
ASCC_62                  4.429    40.300     6.995     0.950    11.330     3.108 99.999
ASCC_63                  3.775    24.400     7.250     7.830    15.350    -9.999 99.999
ASCC_64                  2.789    11.500     8.100     4.150    10.710    -9.999 99.999
ASCC_65                  4.457    40.800     6.850     4.320    12.170    -9.999 99.999
ASCC_66                  2.864    12.300     7.760     2.140     5.630    -9.999 99.999
ASCC_67                  2.939    12.800     7.670     1.030    12.700     3.471 99.999
ASCC_68                  1.656     4.900     8.600     0.930     8.860     2.490 99.999
ASCC_69                  3.264    16.500     7.910     1.450     6.030     1.852 99.999
ASCC_70                  4.566    43.100     6.920     3.790    19.590     5.877 99.999
ASCC_71                  3.832    25.200     8.000     0.550     8.690     2.313 99.999
ASCC_72                  2.983    13.200     8.205     2.740     6.940    -9.999 99.999
ASCC_73                  2.636    10.300     8.190     1.480     4.460    -9.999 99.999
ASCC_74                  1.483     4.200     8.630     1.470     2.920    -9.999 99.999
ASCC_75                  3.955    25.900     6.650     0.710     8.740     2.389 99.999
ASCC_76                  2.315     8.000     7.750     5.500     7.070    -9.999 99.999
ASCC_77                  4.123    29.900     6.750     3.920    13.370     4.194 99.999
ASCC_78                  3.256    15.200     9.380     1.610    25.240     6.724 -0.058
ASCC_79                  3.367    17.600     6.950     6.990    10.790    -9.999 99.999
ASCC_80                  3.310    16.300     8.375     0.000     0.000    -9.999 99.999
ASCC_81                  2.269     7.600     8.750     0.000     0.000    -9.999 99.999
ASCC_82                  2.569     9.500     8.600     0.500     3.850     1.107 99.999
ASCC_83                  1.688     4.900     8.100     0.730     2.360     0.745 99.999
ASCC_84                  2.293     7.700     7.850     0.670     3.730     1.110 99.999
ASCC_85                  2.751    10.600     7.500     1.440     5.470     1.696 99.999
ASCC_86                  3.019    13.500     8.050     2.330     7.990     2.505 99.999
ASCC_87                  3.677    21.900     8.550     3.300     6.740    -9.999 99.999
ASCC_88                  4.703    44.900     7.000    12.330    17.680    -9.999 99.999
ASCC_89                  3.486    19.600     7.000     3.010     9.900     3.117 -0.134
ASCC_90                  2.083     6.600     8.810     0.000     0.000    -9.999 99.999
ASCC_91                  2.615     9.700     8.650     2.120     5.130    -9.999 -0.035
ASCC_92                  2.368     8.200     9.080     1.860     4.020    -9.999 99.999
ASCC_93                  4.259    30.800     6.100     1.090     8.250     2.376 99.999
ASCC_94                  2.545     9.200     8.840     3.070     5.330    -9.999 99.999
ASCC_95                  3.528    18.700     8.410     2.390     8.030     2.523 99.999
ASCC_96                  2.074     6.500     8.400     0.370     3.240     0.919 99.999
ASCC_97                  2.859    11.800     7.880     1.520     4.960     1.563  0.129
ASCC_98                  3.518    19.500     8.045     2.210     8.000     2.493 99.999
ASCC_99                  1.023     3.000     8.750     0.720     4.390     1.294 99.999
ASCC_100                 1.271     3.700     7.950     1.250     3.250    -9.999 99.999
ASCC_101                 1.458     4.200     8.620     1.060     4.840     1.471 99.999
ASCC_102                 2.759    11.100     8.890     0.450     6.600     1.771 99.999
ASCC_103                 2.475     9.100     8.390     0.600     6.900     1.900 99.999
ASCC_104                 3.181    15.500     7.710     4.720     7.740    -9.999 99.999
ASCC_105                 2.754    11.300     7.910     1.490     4.290    -9.999 99.999
ASCC_106                 2.781    11.400     8.420     3.850     6.190    -9.999 99.999
ASCC_107                 0.999     2.900     8.045     0.550     3.610     1.056 99.999
ASCC_108                 2.481     9.200     8.425     0.820     3.860     1.170 99.999
ASCC_109                 2.403     8.700     8.125     0.940     3.990     1.223 99.999
ASCC_110                 2.199     7.400     8.550     1.860     5.520    -9.999 99.999
ASCC_111                 4.251    35.600     6.650    10.200    17.280    -9.999 99.999
ASCC_112                 1.417     4.100     8.150     0.820     3.450     1.058 99.999
ASCC_113                 2.171     7.300     7.930     1.790     4.410    -9.999 99.999
ASCC_114                 1.041     3.100     7.750     0.380     2.920     0.840 99.999
ASCC_115                 1.254     3.700     8.350     2.350     4.490    -9.999 99.999
ASCC_116                 4.226    43.100     7.950     1.150     6.450     1.918 99.999
ASCC_117                 3.461    20.500     6.225     1.840    10.000     2.984 99.999
ASCC_118                 1.983     6.500     7.870     1.120     7.440     2.173 99.999
ASCC_119                 2.269     8.100     8.791     1.470     6.930     2.100 99.999
ASCC_120                 4.137    36.100     7.400     4.560     9.520    -9.999 99.999
ASCC_121                 3.741    26.600     6.400     3.950    17.540     5.349 99.999
ASCC_122                 3.453    19.900     7.700     5.650     8.800    -9.999 99.999
ASCC_123                 2.669    10.900     8.191     2.830     4.560    -9.999 99.999
ASCC_124                 1.866     5.900     8.195     1.190     4.930     1.515 99.999
ASCC_125                 4.467    45.200     6.700     0.610    22.560     5.482 99.999
ASCC_126                 2.508     9.700     7.451     2.430     6.690    -9.999 99.999
ASCC_127                 2.445     9.200     7.820     3.340     6.210    -9.999 99.999
ASCC_128                 2.769    12.000     8.454     0.740     5.350     1.548 99.999
ASCC_129                 2.309     8.500     9.050     2.170    18.000     5.133 99.999
ASCC_130                 3.436    23.300     7.241     3.280    11.620     3.630 99.999
Alessi_20                1.362     4.000     7.575     1.250     3.770    -9.999 99.999
Alessi_1                 2.512     9.900     8.840     4.590     7.680    -9.999 99.999
Alessi_13                2.620    10.400     8.720     1.520     6.450     1.976  0.060
Alessi_2                 1.654     5.100     8.698     2.200     4.540    -9.999 99.999
Alessi_21                2.408     9.100     7.700     1.520     4.940     1.558 99.999
Alessi_3                 1.570     4.700     8.870     0.450     4.460     1.248 -0.275
Alessi_5                 1.568     4.600     7.765     0.650     3.760     1.115 -0.382
Alessi_6                 1.800     5.400     8.320     1.310     8.670     2.533 -0.154
Alessi_8                 1.997     6.200     8.105     1.270     5.610     1.712 99.999
Alessi_9                 2.281     7.900     8.550     2.340     3.780    -9.999 -0.580
Alessi_19                3.080    14.300     7.900     2.210     4.850    -9.999 99.999
Alessi_10                1.143     3.200     8.195     1.060     3.270    -9.999 99.999
Alessi_12                2.567     9.800     7.460     4.470     6.310    -9.999 99.999
Antalova_1               2.137     6.700     8.485     3.350     6.530    -9.999 -0.655
Aveni-Hunter_1           2.550    10.000     8.186     2.960     4.910    -9.999 99.999
Basel_11B                2.586    11.600     8.980     1.010     5.180     1.555 99.999
Basel_8                  2.939    14.800     7.925     0.970     7.950     2.270 99.999
Basel_11A                2.302     8.900     7.420     1.890     8.260     2.523 99.999
Basel_17                 2.065     6.600     7.975     0.900     4.380     1.323 99.999
Basel_18                 3.276    15.800     7.920     1.310    10.930     3.115  0.043
Basel_5                  1.989     6.000     8.850     0.710     5.340     1.539 99.999
Berkeley_58              3.380    22.900     8.470     1.120    13.660     3.738 99.999
Berkeley_59              2.221     8.000     6.100     0.550     6.510     1.787 99.999
Berkeley_4               3.803    31.200     7.300     1.760    17.160     4.810 99.999
Berkeley_14A             3.874    29.800     6.970     7.740    12.160    -9.999 99.999
Berkeley_86              1.864     5.700     6.800     0.710     4.400     1.295 99.999
Biurakan_1               2.991    13.500     7.035     3.980     8.960    -9.999 99.999
Biurakan_2               2.135     7.000     7.230     1.610     6.510     2.005 99.999
Blanco_1                 3.480    20.000     7.750     2.820    10.930     3.382 -0.188
Bochum_5                 3.261    19.100     7.400     0.980     3.840     1.187 -0.171
Bochum_4                 1.020     3.200     8.410     1.740     3.920    -9.999 99.999
Bochum_7                 4.929    74.800     7.500     1.610    26.290     6.973 99.999
Bochum_9                 1.823     5.600     8.090     1.280     4.330     1.359 99.999
Bochum_10                3.345    17.600     6.930     2.480     9.990     3.078 99.999
Bochum_12                2.830    11.800     7.995     0.660    10.210     2.724 99.999
Bochum_13                2.475     8.600     7.250     0.410     6.480     1.725 99.999
Cep_OB3                  4.037    31.600     7.750     1.100     7.120     2.085 99.999
Collinder_463            3.279    17.900     8.450     3.730    10.470    -9.999 99.999
Collinder_33             2.748    12.200     8.347     0.750     8.210     2.273 99.999
Collinder_65             3.824    26.900     8.065     6.740    16.360    -9.999 99.999
Collinder_69             2.178     7.700     6.760     1.210     4.500     1.399 99.999
Collinder_70             3.454    20.300     7.400     2.330     6.810    -9.999  0.144
Collinder_89             3.171    17.000     7.825     1.810     8.410     2.552 99.999
Collinder_95             1.125     3.400     7.300     0.860     2.590    -9.999 99.999
Collinder_97             1.962     6.500     8.400     2.260     5.580    -9.999 99.999
Collinder_106            4.038    35.100     6.415     2.030    14.410     4.179 99.999
Collinder_107            1.988     7.200     7.165     1.870     6.580     2.057 99.999
Collinder_121            3.641    24.100     7.080     5.740    11.610    -9.999 99.999
Collinder_132            1.182     3.500     7.510     1.080     2.580    -9.999 99.999
Collinder_135            2.736    11.500     7.600     2.100     4.020    -9.999 -0.219
Collinder_140            2.062     6.900     7.700     4.050     4.730    -9.999 -0.100
Collinder_185            2.159     7.600     8.180     1.120     5.210     1.581 99.999
Collinder_205            2.432     9.100     7.030     0.340     5.010     1.343 99.999
Collinder_213            2.227     7.700     8.870     0.650     8.460     2.299 99.999
Collinder_223            2.902    12.600     8.200     1.640     4.750    -9.999 -0.217
Collinder_228            3.746    24.000     6.680     3.510    18.730     5.600 99.999
Collinder_236            2.019     6.400     8.450     2.990     4.960    -9.999  0.042
Collinder_258            2.362     8.200     8.350     0.900     8.580     2.411 99.999
Collinder_269            2.473     8.800     8.550     1.050    11.730     3.240 99.999
Collinder_272            3.156    14.500     7.020     1.100    10.230     2.882 99.999
Collinder_292            2.988    12.600     8.700     1.750     5.740     1.808 99.999
Collinder_333            1.782     5.100     8.150     1.010     3.980     1.229 99.999
Collinder_338            2.475     8.700     8.050     1.850     5.100    -9.999 99.999
Collinder_350            1.822     5.500     8.710     1.580     4.800    -9.999 99.999
Collinder_359            3.870    26.000     7.450     2.830     7.820    -9.999 99.999
Collinder_367            3.503    18.700     7.295     0.000     0.000    -9.999 99.999
Collinder_394            2.832    11.600     7.860     2.950     5.430    -9.999 99.999
Collinder_419            2.169     7.300     7.100     0.490     6.530     1.770 99.999
Collinder_421            1.295     3.700     9.080     0.860     4.390     1.319 99.999
Cyg_OB2                  4.495    43.400     6.720     5.180    16.470     5.205 99.999
Czernik_43               3.356    20.400     7.760     0.900    11.130     3.041 99.999
Dias_5                   2.966    12.000     8.100     1.950     5.080    -9.999 99.999
Dolidze_36               2.072     6.700     8.920     0.410     4.280     1.191 99.999
Dolidze_38               2.481     9.200     9.165     5.990    10.520    -9.999 99.999
ESO_493-03               2.384     9.200     8.385     2.000     7.100     2.218 99.999
ESO_123-26               1.755     5.300     8.530     0.950     5.540     1.641 99.999
ESO_430-18               1.902     6.200     8.875     1.260     6.420     1.929 99.999
ESO_165-09               0.693     2.400     8.915     0.330     3.640     1.007 99.999
ESO_166-04               1.778     5.400     8.260     1.530     3.910    -9.999 99.999
ESO_062-11               0.916     2.700     9.080     1.150     7.800     2.273 99.999
ESO_128-16               1.860     5.700     8.840     0.270     4.750     1.250 99.999
ESO_130-06               3.215    15.500     7.300     0.600     6.450     1.789 -0.706
ESO_130-08               1.930     6.000     9.010     1.590     4.780    -9.999 -0.250
ESO_175-06               1.259     3.600     8.600     0.350     3.180     0.898 99.999
ESO_332-08               1.732     4.800     8.170     1.320     4.990     1.548 99.999
ESO_139-13               1.481     3.900     8.780     0.830     7.670     2.162 -0.320
ESO_521-38               2.275     7.000     8.395     1.550     3.550    -9.999 99.999
Feinstein_1              3.611    21.700     7.200     5.070     8.240    -9.999 99.999
Frolov_1                 3.078    16.700     7.588     0.240     6.010     1.523 99.999
Haffner_23               2.109     7.400     8.825     1.640     6.350     1.965 99.999
Haffner_13               2.735    11.700     7.520     2.170     5.690    -9.999 99.999
Haffner_16               3.096    17.800     7.300     0.840     4.520     1.350 -0.111
Haffner_26               1.400     4.200     8.000     1.930     6.790     2.123 99.999
Harvard_10               3.942    26.400     7.970     6.550    13.430    -9.999 99.999
Hogg_6                   1.939     6.100     8.505     0.640     4.160     1.218 99.999
Hogg_23                  2.071     6.500     8.310     2.250     4.330    -9.999 99.999
Hogg_16                  1.456     4.000     7.950     1.110     9.840     2.786 99.999
Hogg_18                  2.232     7.100     7.950     0.300     6.300     1.626 99.999
Hogg_22                  1.925     5.600     6.800     0.000     0.000    -9.999 99.999
IC_1590                  1.723     6.000     6.895     1.110    14.600     3.963 99.999
IC_1805                  3.357    20.700     7.250     1.880    12.910     3.757 99.999
IC_1848                  3.970    33.700     6.850     1.670     9.460     2.810 99.999
IC_348                   0.670     2.400     6.780     0.440     3.660     1.043 99.999
IC_2391                  1.967     6.300     8.050     1.540     2.520    -9.999 -0.155
IC_2395                  2.503     9.600     7.270     0.530     4.510     1.283  0.000
IC_2488                  3.008    13.900     8.445     2.860     6.620    -9.999  0.100
IC_2581                  3.331    17.600     7.320     0.810    10.400     2.830 -0.340
IC_2602                  2.829    12.200     8.345     0.000     0.000    -9.999 -0.099
IC_2714                  2.235     7.500     8.650     1.830     6.300     1.974  0.010
IC_2944                  3.430    18.500     6.250     2.370    10.240     3.132 99.999
IC_2948                  2.920    12.400     6.600     6.030    15.060    -9.999 99.999
IC_4651                  2.085     6.500     9.250     1.130     6.060     1.811 -0.128
IC_4665                  2.681    10.700     7.630     3.670     5.430    -9.999 -0.030
IC_4725                  3.044    13.700     7.970     2.930     5.340    -9.999 -0.257
IC_4756                  3.112    14.700     8.790     6.980     9.060    -9.999 -0.150
IC_4996                  3.042    14.100     7.150     3.290    10.660     3.362 99.999
IC_1396                  3.439    19.800     6.000     5.510     8.910    -9.999 99.999
IC_1442                  3.559    22.800     7.600     0.830     9.920     2.720 99.999
King_6                   0.463     2.000     8.975     0.670     4.410     1.289  0.460
King_12                  3.091    16.700     7.145     0.490     7.850     2.086 99.999
Loden_28                 4.415    41.500     7.405     1.260    13.040     3.632 99.999
Loden_1                  0.823     2.600     8.300     0.540     2.120     0.655 99.999
Loden_46                 2.100     6.900     8.000     0.640     5.090     1.458 99.999
Loden_143                2.595    10.100     8.450     2.810     5.060    -9.999 99.999
Loden_89                 1.551     4.500     8.300     0.570     3.360     0.994 99.999
Loden_59                 1.512     4.400     8.300     0.520     2.170     0.666 99.999
Loden_112                3.456    19.300     6.960     2.780    12.350     3.766 99.999
Loden_153                3.181    15.600     6.300     3.100     8.780    -9.999  0.191
Loden_189                2.459     9.100     7.990     0.750     6.020     1.723  0.202
Loden_306                3.369    17.800     6.760     7.440    11.980    -9.999 99.999
Loden_309                0.913     2.800     8.050     0.600     3.470     1.029 99.999
Loden_372                1.742     5.100     8.320     1.430     4.340    -9.999 99.999
Loden_402                3.517    19.700     8.400     4.910     8.980    -9.999 99.999
Loden_481                3.432    18.600     8.385     1.490     9.460     2.776 99.999
Loden_480                2.166     7.100     8.700     0.490     5.260     1.459 99.999
Loden_565                1.877     5.800     8.375     1.110     3.780     1.186 99.999
Loden_615                2.088     6.700     8.630     2.370     5.840    -9.999 99.999
Loden_682                1.858     5.600     8.470     0.590     3.860     1.129 99.999
Loden_694                3.866    25.500     7.380     0.000     0.000    -9.999 99.999
Loden_821                3.968    26.500     7.455     6.420    16.190    -9.999 -0.099
Loden_807                1.981     6.100     8.300     2.070     3.650    -9.999 99.999
Loden_915                1.574     4.600     8.445     1.770     5.150    -9.999 99.999
Loden_1010               2.308     7.900     8.825     0.310     4.820     1.285 99.999
Loden_995                3.994    27.100     8.625     2.440     7.140    -9.999 -0.131
Loden_1171               0.552     2.100     8.590     0.580     3.230     0.961 99.999
Loden_1194               1.332     3.800     8.705     0.440     3.170     0.918 99.999
Loden_1225               2.787    11.000     8.670     2.490     9.000     2.806 99.999
Loden_1256               2.964    12.700     8.580     2.550     6.020    -9.999 99.999
Loden_2313               2.825    11.200     8.290     2.400     5.370    -9.999 99.999
Lynga_1                  3.206    14.800     8.390     1.040     6.670     1.955 99.999
Lynga_2                  2.203     7.200     8.430     1.100     5.810     1.739 99.999
Lynga_7                  1.998     6.100    10.050     2.840    22.550     6.461 -1.010
Mamajek_1               -0.373     1.000     6.990     0.100     0.840     0.239 99.999
Markarian_38             2.466     8.300     6.900     3.400     9.930    -9.999  0.180
Mayer_1                  3.150    16.700     7.740     0.570     6.890     1.887 99.999
Melotte_20               3.863    27.400     7.700     3.490    21.650     6.369 99.999
Melotte_22               2.672    10.900     8.150     2.160    16.530     4.755 -0.036
Melotte_71               3.020    17.600     8.975     2.120    20.920     5.856 -0.220
Melotte_101              3.262    16.400     8.100     2.380    13.210     3.933 99.999
Melotte_111              2.516     9.600     8.840     0.000     0.000    -9.999  0.070
NGC_129                  3.011    15.200     7.975     2.290     7.260     2.295 99.999
NGC_146                  3.298    20.800     7.701     2.170    12.710     3.762 99.999
NGC_225                  1.787     5.700     8.191     0.260     3.580     0.967 99.999
NGC_381                  1.515     4.700     8.850     0.600     6.620     1.831  0.070
NGC_433                  2.682    12.200     7.810     1.560     5.820     1.808 99.999
NGC_457                  3.299    20.300     7.380     2.600    10.310     3.182 99.999
NGC_581                  2.245     8.900     7.440     1.080    11.840     3.277 99.999
NGC_637                  1.926     7.000     6.740     0.530     9.720     2.546 99.999
NGC_654                  2.096     7.900     7.250     0.610    10.000     2.651 99.999
NGC_659                  2.024     7.400     7.762     0.790    10.680     2.890 99.999
NGC_663                  3.523    23.400     7.500     2.290    14.210     4.180 99.999
NGC_752                  3.258    17.400     9.130     3.070    13.830     4.211 -0.088
NGC_744                  2.335     9.000     8.375     0.820    13.090     3.480 99.999
NGC_869                  6.022   162.900     7.280    11.270    32.250    -9.999 -0.300
NGC_884                  6.200   191.000     7.200     2.430    39.420    10.462 -0.300
NGC_886                  2.632    11.700     8.750     0.590     5.500     1.549 99.999
NGC_957                  2.848    14.000     7.250     2.010    14.730     4.257 99.999
NGC_1039                 1.827     5.800     8.383     2.370     8.220     2.574  0.070
NGC_1027                 2.035     7.000     8.550     1.460     5.740     1.773 99.999
NGC_1342                 2.186     7.800     8.600     1.010     5.240     1.571 -0.160
NGC_1502                 1.911     6.400     7.080     0.720     5.750     1.646 99.999
NGC_1528                 2.684    11.600     8.550     1.660     8.740     2.617 99.999
NGC_1545                 1.756     5.700     8.810     0.500     2.910     0.862 -0.060
NGC_1582                 2.412     9.300     8.665     6.300    10.700    -9.999 99.999
NGC_1647                 2.543    10.200     8.300     2.310     9.360     2.882 99.999
NGC_1662                 1.920     6.300     8.695     0.670     4.440     1.297 -0.095
NGC_1664                 2.958    14.900     8.750     1.870     9.280     2.796 99.999
NGC_1708                 1.703     5.400     8.755     0.910     3.470     1.076 99.999
NGC_1746                 2.893    13.700     8.640     4.180     9.670    -9.999 99.999
NGC_1778                 2.025     7.500     8.450     1.290     8.520     2.490 99.999
NGC_1802                 1.555     4.700     9.150     1.350    10.900     3.118 99.999
NGC_1817                 3.244    20.000     8.900     2.420    10.570     3.229 -0.140
NGC_1901                 2.095     6.900     8.850     0.420     5.480     1.489 -0.331
NGC_1893                 3.461    27.700     6.550     1.910    15.610     4.459 99.999
NGC_1896                 1.541     4.900     9.100     3.290    10.960     3.447 99.999
NGC_1907                 2.875    14.200     8.600     1.380     9.960     2.883 99.999
NGC_1912                 3.062    16.000     8.350     2.980    10.250     3.212 99.999
NGC_1981                 1.298     3.900     7.110     0.950     2.140    -9.999 99.999
NGC_1976                 1.988     6.600     6.000     0.740     5.520     1.592 99.999
NGC_1977                 1.441     4.400     6.600     0.980     2.200    -9.999 99.999
NGC_1980                 1.530     4.700     6.670     0.960     3.310     1.037 99.999
NGC_1960                 2.491    10.600     7.565     1.310     8.590     2.512 99.999
NGC_1996                 2.720    12.700     8.515     2.020    13.790     4.016 99.999
NGC_2099                 2.856    14.100     8.550     2.520    15.210     4.488  0.089
NGC_2129                 1.473     4.900     7.480     0.880     7.040     2.016 99.999
NGC_2143                 1.897     6.400     9.090     0.640    11.460     3.010 99.999
NGC_2169                 1.481     4.700     6.890     1.000     5.350     1.599 99.999
NGC_2168                 3.558    22.900     8.255     2.590    16.320     4.793 -0.160
NGC_2180                 1.937     6.600     9.355     0.750     5.290     1.535 99.999
NGC_2184                 1.721     5.500     8.600     0.290     2.890     0.808 99.999
NGC_2186                 1.547     5.100     8.200     0.790     7.510     2.111 99.999
NGC_2202                 1.116     3.500     9.200     0.490     8.270     2.186 99.999
NGC_2215                 2.685    12.000     8.550     0.740     8.860     2.429 99.999
NGC_2232                 2.007     6.600     7.700     1.520     3.080    -9.999  0.320
NGC_2244                 2.929    14.800     6.700     1.840    15.820     4.494 99.999
NGC_2240                 1.404     4.200     9.200     0.600     6.870     1.893 99.999
NGC_2252                 1.430     4.500     8.860     1.100     5.800     1.736 99.999
NGC_2251                 2.402     9.800     8.455     1.220     7.340     2.167  0.250
NGC_2264                 3.252    17.800     6.750     0.340    34.640     7.551 -0.150
NGC_2269                 2.442    10.400     8.665     0.800     6.770     1.927 99.999
NGC_2270                 3.172    17.700     8.915     3.380     7.250    -9.999 99.999
NGC_2287                 2.511     9.900     8.250     1.840     7.550     2.322  0.040
NGC_2281                 1.987     6.700     8.785     1.500     5.130     1.609  0.130
NGC_2301                 2.051     7.100     8.350     1.640     4.890    -9.999  0.060
NGC_2302                 1.114     3.500     8.350     0.510     6.150     1.685 99.999
NGC_2306                 2.147     7.800     9.000     1.210     7.520     2.212 99.999
NGC_2311                 2.822    14.100     8.815     1.220    15.970     4.337 99.999
NGC_2319                 2.133     7.800     9.035     0.590     5.550     1.562 99.999
NGC_2323                 2.734    12.000     8.255     2.180     9.650     2.944 99.999
NGC_2335                 2.889    14.000     8.200     1.710    12.110     3.513 -0.030
NGC_2343                 0.989     3.200     8.135     0.810     5.570     1.621 -0.300
NGC_2345                 2.336     9.700     7.900     2.380    15.700     4.589 99.999
NGC_2354                 3.840    33.500     8.610     4.890    10.940    -9.999 -0.109
NGC_2353                 2.602    11.000     7.200     0.970     8.080     2.303 99.999
NGC_2358                 1.825     5.800     8.785     1.120     5.760     1.729 99.999
NGC_2360                 2.999    15.600     8.650     2.270    12.740     3.789 -0.030
NGC_2362                 3.002    14.900     6.640     0.540    10.920     2.831 99.999
NGC_2367                 3.099    16.800     7.425     1.030    11.550     3.189 99.999
NGC_2374                 3.154    17.100     8.750     0.600     9.690     2.573 99.999
NGC_2383                 1.990     7.000     8.690     0.520     7.600     2.040 99.999
NGC_2384                 2.693    12.400     7.130     1.160    10.540     2.977 99.999
NGC_2396                 1.600     4.900     8.520     0.000     0.000    -9.999 99.999
NGC_2413                 1.296     3.900     8.655     0.650     7.100     1.966 99.999
NGC_2414                 2.366    10.300     7.270     1.780    12.580     3.650 99.999
NGC_2421                 2.828    13.800     7.450     1.370    11.390     3.247 99.999
NGC_2422                 2.364     8.800     8.120     1.740     6.090     1.905  0.008
NGC_2423                 2.682    11.400     9.025     2.050     7.720     2.396  0.068
NGC_2428                 2.463    10.400     8.615     0.960     4.260     1.299 -0.145
NGC_2430                 1.241     3.700     7.700     0.200     3.100     0.827  0.130
NGC_2439                 3.513    25.200     7.250     2.700    29.920     8.272 99.999
NGC_2432                 3.313    19.800     8.650     1.510     8.060     2.410 99.999
NGC_2451A                2.335     8.400     7.760     1.470     4.560    -9.999 -0.531
NGC_2437                 3.184    17.300     8.350     2.590    17.860     5.195 -0.470
NGC_2451B                2.076     6.900     8.230     0.510     4.660     1.315 -0.450
NGC_2447                 2.588    10.600     8.680     2.730    14.690     4.388 -0.095
NGC_2448                 2.866    13.200     7.250     0.820     6.100     1.760 99.999
NGC_2477                 2.409     9.200     8.915     3.980    15.470     4.785 -0.192
NGC_2467                 2.796    12.600     8.100     0.830     2.500    -9.999 99.999
NGC_2479                 2.138     7.600     9.015     2.380     9.770     3.004 99.999
NGC_2482                 2.666    11.400     8.505     1.290     8.070     2.372 -0.081
NGC_2483                 2.584    10.900     7.600     0.550     7.640     2.062 99.999
NGC_2489                 3.185    19.400     7.315     1.790     6.610     2.056  0.080
NGC_2516                 2.396     8.700     8.475     0.940     7.700     2.199 -0.373
NGC_2506                 3.841    33.700     9.210     3.610    25.250     7.334 -0.200
NGC_2527                 2.504     9.700     8.910     1.000     5.120     1.538  0.208
NGC_2547                 1.628     4.900     7.890     0.890     2.840     0.897 -0.160
NGC_2539                 3.387    20.100     8.735     1.980    15.230     4.379  0.130
NGC_2546                 3.355    18.700     8.135     1.240    21.770     5.729  0.120
NGC_2548                 3.046    15.100     8.720     3.930    15.130     4.685  0.080
NGC_2567                 2.417     9.400     8.645     0.800     9.010     2.487 -0.075
NGC_2571                 3.042    15.100     7.350     1.500     7.750     2.325  0.050
NGC_2627                 2.117     7.600     9.225     1.130    11.810     3.286 -0.120
NGC_2632                 2.477     9.400     8.920     0.000     0.000    -9.999  0.094
NGC_2659                 2.112     7.200     7.360     2.170     5.640    -9.999 99.999
NGC_2670                 1.636     4.900     8.140     0.640     4.440     1.291 99.999
NGC_2669                 2.615    10.400     8.405     1.500     7.070     2.142 99.999
NGC_2682                 2.132     7.500     9.535     1.620    17.980     4.970 -0.102
NGC_2910                 2.687    11.100     7.200     1.320     8.420     2.470 99.999
NGC_2925                 2.354     8.400     7.805     1.370     5.380     1.662 99.999
NGC_3033                 2.022     6.500     8.620     0.510     4.580     1.295 99.999
NGC_3036                 1.969     6.200     8.990     2.040     4.590    -9.999 -0.714
NGC_3114                 3.159    15.500     8.300     4.250     8.230    -9.999  0.020
NGC_3228                 0.832     2.600     8.420     0.520     3.470     1.013 99.999
NGC_3293                 2.280     7.800     6.750     1.300     8.690     2.536 99.999
NGC_3324                 3.427    18.800     6.100     0.920    13.260     3.564 -0.474
NGC_3330                 1.911     6.000     8.565     0.340     6.090     1.599 99.999
NGC_3496                 2.298     7.900     8.895     1.030     7.360     2.133 99.999
NGC_3532                 2.560     9.800     8.650     2.270     4.710    -9.999  0.019
NGC_3572                 2.631    10.100     6.925     1.020     7.590     2.190 99.999
NGC_3590                 2.832    11.800     7.400     0.740     9.350     2.549 99.999
NGC_3680                 2.040     6.600     9.200     0.560     5.220     1.470 -0.167
NGC_3766                 3.046    13.800     7.950     0.910    11.190     3.059 99.999
NGC_4052                 2.265     7.600     8.400     1.480     5.290     1.651 99.999
NGC_4103                 3.072    14.000     7.755     1.880     9.840     2.948 99.999
NGC_4349                 3.644    21.400     8.410     1.910    14.290     4.121  0.105
NGC_4439                 1.288     3.500     7.710     0.870     8.030     2.264 99.999
NGC_4463                 1.821     5.400     7.970     0.610     5.680     1.600 99.999
NGC_4609                 1.944     5.900     8.100     0.870     6.770     1.944 99.999
NGC_4755                 3.492    19.000     7.300     1.720    12.410     3.592 99.999
NGC_4852                 2.718    10.600     8.635     0.660     4.590     1.334 99.999
NGC_5045                 3.813    24.500     7.955     3.640    12.100     3.806 99.999
NGC_5043                 2.120     6.800     8.600     1.550     5.060     1.595 99.999
NGC_5138                 3.280    15.900     7.550     1.220     7.710     2.264  0.120
NGC_5168                 2.616     9.600     8.250     0.910     5.430     1.604 99.999
NGC_5281                 2.135     6.800     7.760     1.310     6.960     2.082 99.999
NGC_5316                 3.041    13.600     8.230     1.210     7.030     2.083  0.045
NGC_5359                 2.673     9.800     8.750     3.580     9.900    -9.999 99.999
NGC_5460                 2.232     7.400     8.300     1.800     6.160     1.932 99.999
NGC_5593                 1.559     4.400     8.770     0.340     3.910     1.077 99.999
NGC_5606                 3.634    20.800     7.350     0.400     8.240     2.132 99.999
NGC_5617                 2.732    10.500     8.250     0.830     8.780     2.440 99.999
NGC_5662                 2.360     8.200     8.275     0.700     4.440     1.303 99.999
NGC_5749                 1.319     3.600     8.000     0.810     6.870     1.955 99.999
NGC_5822                 3.247    15.900     8.840     2.810     9.790     3.064  0.050
NGC_5823                 2.036     6.200     8.960     1.450     3.380    -9.999 99.999
NGC_6025                 2.621     9.900     8.180     0.900     8.320     2.345  0.190
NGC_6067                 2.874    11.600     7.970     2.020    10.410     3.124  0.138
NGC_6087                 3.203    15.400     7.950     0.790     9.180     2.525 -0.010
NGC_6124                 2.338     8.100     8.285     1.680     6.830     2.102 99.999
NGC_6134                 1.389     3.800     9.015     0.410     3.780     1.066  0.150
NGC_6152                 3.049    13.500     8.630     1.430     5.910     1.816 99.999
NGC_6167                 2.582     9.400     8.190     0.960     7.860     2.245 99.999
NGC_6178                 2.136     6.700     7.510     1.050     5.250     1.581 99.999
NGC_6192                 2.804    10.800     8.150     1.070    11.340     3.150  0.120
NGC_6193                 2.772    10.800     6.700     1.740     7.640     2.332 99.999
NGC_6200                 3.281    15.100     7.000     2.890    16.390     4.869 99.999
NGC_6204                 1.459     4.000     8.000     0.360     4.990     1.347 -1.053
NGC_6208                 1.149     3.200     9.280     1.100     5.930     1.771 -0.030
NGC_6231                 2.823    11.100     7.050     6.840    13.430    -9.999 99.999
NGC_6242                 2.652     9.800     7.550     1.040     6.950     2.028 99.999
NGC_6249                 2.439     8.400     8.090     0.750     6.450     1.832 99.999
NGC_6250                 2.900    12.100     7.420     0.000     0.000    -9.999 99.999
NGC_6268                 1.775     5.000     8.650     0.530     4.040     1.163 99.999
NGC_6281                 2.206     7.300     8.500     2.410     4.100    -9.999  0.000
NGC_6322                 1.542     4.200     7.160     0.830     5.660     1.648 99.999
NGC_6383                 2.607     9.600     6.600     0.450    11.690     2.950 99.999
NGC_6400                 2.137     6.700     8.875     0.650     5.310     1.517 99.999
NGC_6405                 2.039     6.400     8.035     0.540     6.700     1.830  0.205
NGC_6416                 2.022     6.200     8.200     1.150     5.500     1.664 -0.613
NGC_6425                 1.405     3.900     8.545     0.710     6.100     1.733  0.090
NGC_6444                 1.225     3.400     9.015     1.140     6.150     1.837 99.999
NGC_6469                 1.005     2.900     8.875     0.910     4.740     1.421 99.999
NGC_6475                 2.818    11.800     8.250     0.000     0.000    -9.999  0.140
NGC_6494                 2.750    10.900     8.515     1.110    19.840     5.211  0.090
NGC_6514                 2.143     6.800     6.900     0.000     0.000    -9.999 99.999
NGC_6520                 1.725     4.700     7.755     0.510     4.350     1.237 99.999
NGC_6531                 3.401    17.300     6.820     1.950     6.390     2.013 99.999
NGC_6530                 2.831    11.100     6.670     1.710     6.300     1.960 99.999
NGC_6546                 2.484     8.700     8.720     2.090     6.030    -9.999 -0.334
NGC_6561                 4.222    28.500     6.600     3.220     8.800    -9.999 99.999
NGC_6568                 2.620     9.600     8.800     1.570     6.290     1.939 99.999
NGC_6596                 2.559     9.200     8.600     0.760     6.560     1.863 99.999
NGC_6604                 3.646    20.300     6.890     5.170    11.930    -9.999 99.999
NGC_6603                 3.699    19.600     8.400     1.240     9.560     2.748 99.999
NGC_6611                 3.003    12.400     6.330     0.730    10.010     2.705 99.999
NGC_6613                 2.274     7.300     7.705     0.600     6.210     1.729 99.999
NGC_6618                 4.479    38.200     6.000     0.000     0.000    -9.999  0.046
NGC_6633                 2.097     6.800     8.760     0.710     3.400     1.028  0.060
NGC_6639                 1.791     5.200     8.930     0.460     5.670     1.550 99.999
NGC_6694                 2.356     7.600     8.120     1.260     9.410     2.714 99.999
NGC_6705                 2.820    10.800     8.505     1.380    16.450     4.513  0.136
NGC_6709                 2.295     7.600     8.150     0.680     8.080     2.217 99.999
NGC_6716                 1.456     4.000     7.385     0.360     3.460     0.971 -0.310
NGC_6728                 1.881     5.500     8.950     0.550     5.220     1.467 99.999
NGC_6738                 1.140     3.200     9.515     0.240     3.420     0.920 99.999
NGC_6793                 2.138     6.900     8.695     0.320     4.460     1.203 99.999
NGC_6800                 1.997     6.200     8.560     4.800     6.070    -9.999 99.999
NGC_6811                 2.899    12.700     8.805     1.810     6.780     2.105 99.999
NGC_6823                 3.996    28.100     7.010     0.690    10.340     2.768 99.999
NGC_6828                 1.424     4.000     8.250     0.470     3.440     0.994 99.999
NGC_6830                 3.218    15.600     8.105     1.200     9.400     2.697 99.999
NGC_6866                 1.768     5.300     8.640     0.610     6.500     1.805 99.999
NGC_6871                 3.062    14.200     6.990     3.190    13.400     4.110 99.999
NGC_6883                 2.428     8.800     7.710     0.990     8.960     2.532 99.999
NGC_6882                 0.513     2.000     8.200     0.740     2.870     0.888 -0.020
NGC_6910                 2.316     8.100     7.530     0.830     4.230     1.271 99.999
NGC_6913                 1.431     4.100     7.510     0.660     4.990     1.437 99.999
NGC_6940                 2.560     9.700     8.980     1.620     7.520     2.282  0.013
NGC_7039                 2.769    11.700     8.655     2.730    13.480     4.064 99.999
NGC_7058                 0.159     1.600     8.350     0.220     1.630     0.471 99.999
NGC_7063                 2.178     7.400     7.955     0.890     4.170     1.264 99.999
NGC_7082                 3.595    22.200     8.002     6.010    10.830    -9.999 -0.010
NGC_7092                 2.270     8.000     8.569     0.620     5.060     1.446  0.150
NGC_7160                 2.019     6.700     7.200     0.730     5.680     1.631  0.160
NGC_7209                 2.444     9.200     8.629     1.050     7.870     2.269 -0.120
NGC_7235                 2.358     9.300     7.300     1.300     8.390     2.458 99.999
NGC_7243                 3.039    14.500     7.965     7.670    11.840    -9.999 99.999
NGC_7281                 3.219    17.200     7.860     2.730     7.650    -9.999 99.999
NGC_7380                 3.645    24.700     7.250     1.240    12.850     3.578 99.999
NGC_7438                 1.986     6.500     8.800     1.710     6.690     2.068 99.999
NGC_7510                 1.296     4.100     7.700     0.810     8.410     2.341 99.999
NGC_7654                 2.193     7.900     7.900     2.320    10.530     3.203 99.999
NGC_7788                 2.713    12.500     7.480     0.980     5.470     1.628 99.999
NGC_7789                 3.788    28.400     9.265     3.810    18.970     5.714 -0.240
NGC_7790                 2.505    11.100     8.100     1.560    14.630     4.118 99.999
Pismis_4                 2.475     9.400     8.155     0.310     2.790     0.789 -0.200
Pismis_6                 2.814    12.400     7.580     1.490     9.180     2.703 99.999
Pismis_16                2.042     6.600     7.100     0.760     5.080     1.483 99.999
Pismis_17                3.991    28.700     7.400     1.620    10.430     3.056 -0.145
Pismis-Moreno_1          1.693     5.200     7.400     0.840     5.090     1.501 99.999
Platais_2                2.678    11.000     8.313     4.150     5.150    -9.999 99.999
Platais_3                3.103    15.200     8.800     5.100     8.080    -9.999 99.999
Platais_4                2.752    11.800     8.550     2.660     3.840    -9.999 99.999
Platais_6                3.394    19.300     7.960     0.760    13.080     3.450 99.999
Platais_8                3.081    14.800     7.750     1.140     3.290    -9.999 -0.292
Platais_9                3.436    19.500     8.090     0.000     0.000    -9.999 99.999
Platais_10               3.169    15.700     8.340     1.140     4.440     1.373 99.999
Platais_12               3.507    20.100     8.400     1.400     5.590     1.724  0.027
Roslund_1                1.395     3.900     8.765     0.280     3.320     0.911 99.999
Roslund_2                3.949    27.100     6.780     5.250     9.020    -9.999 99.999
Roslund_3                2.861    11.900     7.700     0.480     4.580     1.287 99.999
Roslund_5                2.310     8.100     7.570     1.660     5.400     1.702 99.999
Roslund_6                1.489     4.300     8.670     0.840     2.830     0.889 99.999
Roslund_7                2.510     9.500     8.600     2.460     5.650    -9.999 99.999
Ruprecht_1               2.554    10.600     8.790     0.420     4.770     1.315 99.999
Ruprecht_12              1.783     5.700     8.695     1.270    17.580     4.746 99.999
Ruprecht_26              2.577    10.900     7.800     1.400     8.970     2.630  0.313
Ruprecht_27              1.387     4.100     8.410     0.650     4.880     1.407 99.999
Ruprecht_151             3.342    20.500     8.150     0.860     6.160     1.785 -0.102
Ruprecht_31              0.888     2.800     8.650     0.170     1.670     0.468 99.999
Ruprecht_34              1.529     4.700     9.100     0.280     4.130     1.107 99.999
Ruprecht_44              3.931    37.200     6.800     1.410    26.510     6.926 99.999
Ruprecht_43              2.282     8.400     8.400     0.510     5.450     1.513 99.999
Ruprecht_47              3.303    20.100     8.180     1.470    19.980     5.404 99.999
Ruprecht_53              2.721    12.100     8.860     1.000     7.020     2.038 99.999
Ruprecht_55              4.568    59.800     6.970     1.300    15.100     4.154 99.999
Ruprecht_56              1.938     6.200     8.745     0.490     3.180     0.931 99.999
Ruprecht_64              3.320    18.100     8.450     1.460     7.380     2.219 99.999
Ruprecht_65              1.773     5.500     8.820     0.280     2.670     0.750 99.999
Ruprecht_67              2.192     7.700     8.600     0.730     7.260     2.031 99.999
Ruprecht_71              2.011     6.600     8.840     2.290     5.570    -9.999 99.999
Ruprecht_78              3.037    14.300     7.250     1.630     5.130    -9.999 99.999
Ruprecht_79              3.672    23.300     7.265     1.380     9.380     2.733 99.999
Ruprecht_80              2.554    10.100     8.425     1.280     6.750     2.021 -0.373
Ruprecht_82              2.891    12.800     8.370     1.200     5.030     1.543 99.999
Ruprecht_84              2.311     8.000     8.560     0.630    10.040     2.670 99.999
Ruprecht_85              2.047     6.600     8.700     0.350     4.350     1.188 99.999
Ruprecht_161             2.850    12.200     8.450     1.010     4.850     1.467 99.999
Ruprecht_89              1.232     3.500     8.980     0.380     3.060     0.875 99.999
Ruprecht_90              4.896    62.200     6.800     1.150    12.600     3.488 99.999
Ruprecht_91              1.820     5.500     8.405     0.610     3.760     1.107 99.999
Ruprecht_92              3.512    19.900     7.650     1.280    11.970     3.370  0.201
Ruprecht_93              2.101     6.800     8.755     1.300     6.700     2.011  0.153
Ruprecht_94              4.418    39.000     7.000     2.920    16.210     4.826 99.999
Ruprecht_164             1.623     4.700     7.700     0.870     6.440     1.859 99.999
Ruprecht_96              1.425     4.000     9.060     0.550     5.240     1.472 99.999
Ruprecht_98              2.418     8.700     8.800     1.500     4.500    -9.999 99.999
Ruprecht_99              1.257     3.600     8.375     1.160     4.340     1.348 99.999
Ruprecht_105             1.889     5.700     9.100     1.390     6.830     2.060 99.999
Ruprecht_108             2.055     6.500     8.675     0.660     5.560     1.583 99.999
Ruprecht_110             2.515     9.000     8.700     0.920     6.630     1.919 -0.234
Ruprecht_167             3.325    16.300     7.245     1.710     8.010     2.429 99.999
Ruprecht_113             3.187    15.300     8.345     0.000     0.000    -9.999 99.999
Ruprecht_116             1.364     3.700     8.950     0.800     4.510     1.341 99.999
Ruprecht_119             1.726     4.900     8.435     0.870     5.560     1.631 99.999
Ruprecht_125             2.841    11.100     8.825     1.040     6.590     1.934 99.999
Ruprecht_131             1.103     3.100     9.170     0.890     2.620    -9.999 99.999
Ruprecht_139             0.798     2.500     9.050     0.540     3.210     0.949 99.999
Ruprecht_141             4.345    29.000     6.550     2.840     9.310     2.933 99.999
Ruprecht_145             2.590     9.600     8.900     2.220     5.600    -9.999 -0.127
Ruprecht_147             1.769     5.300     9.330     6.510     6.760    -9.999 99.999
Ruprecht_172             2.418     8.700     9.065     0.870     8.270     2.324 99.999
Sco_OB4                  5.178    68.200     6.820     0.000     0.000    -9.999 -0.063
Sco_OB5                  5.658    85.900     6.325     1.770    30.670     8.083 99.999
Sgr_OB7                  5.351    74.100     6.450     0.000     0.000    -9.999  0.030
Sigma_Ori                1.878     6.000     6.100     1.740     3.710    -9.999 99.999
Stephenson_1             2.983    13.600     7.520     1.800     5.560    -9.999 99.999
Stock_20                 1.974     6.600     8.337     1.070     5.240     1.581 99.999
Stock_21                 2.259     8.300     8.825     0.640     7.360     2.027 99.999
Stock_4                  2.623    11.200     8.600     1.630     4.780    -9.999 99.999
Stock_5                  2.413     9.500     7.700     0.930     7.210     2.071 99.999
Stock_2                  3.987    30.300     8.440     3.730    18.850     5.669 -0.140
Stock_7                  1.481     4.500     7.800     0.760     3.890     1.168 99.999
Stock_23                 0.860     2.800     8.300     0.370     5.260     1.416 99.999
Stock_8                  3.286    20.400     7.050     2.040    12.450     3.669 99.999
Stock_10                 1.622     5.000     8.420     3.100     5.040    -9.999 99.999
Stock_13                 3.300    17.000     7.370     0.690     9.410     2.544 99.999
Stock_14                 2.829    11.600     6.800     1.140    15.880     4.284 99.999
Stock_16                 3.151    14.600     6.780     1.080     9.570     2.710 99.999
Stock_1                  1.620     4.800     8.540     1.870     3.140    -9.999 99.999
Stock_12                 1.557     4.700     8.450     3.400     5.190    -9.999 99.999
Tombaugh_5               2.211     8.100     8.846     2.380     9.990     3.065 99.999
Trumpler_2               2.634    10.900     7.925     5.780     7.200    -9.999 99.999
Trumpler_3               2.204     7.800     8.005     0.940     8.150     2.313 99.999
Trumpler_7               2.446     9.800     8.000     2.480     9.270     2.879 99.999
Trumpler_9               2.026     7.400     7.800     0.640     4.830     1.391 99.999
Trumpler_10              2.685    11.000     7.380     0.650     3.670     1.091 99.999
Trumpler_12              2.109     6.900     9.205     0.860     7.520     2.133 99.999
Trumpler_14              2.777    11.400     6.000     0.830     6.200     1.788 99.999
Trumpler_15              2.345     8.200     7.080     0.780     8.740     2.413 99.999
Trumpler_16              3.050    14.000     6.500     0.760    11.390     3.049 99.999
Trumpler_17              2.775    11.300     7.775     0.610     8.590     2.315 99.999
Trumpler_18              2.316     8.000     7.690     1.770     6.950     2.147 99.999
Trumpler_21              2.824    11.500     7.850     0.810     5.900     1.706 99.999
Trumpler_22              2.340     7.800     8.495     0.880     6.560     1.892 99.999
Trumpler_26              3.464    16.400     8.170     0.870     7.050     2.016 99.999
Trumpler_27              3.294    15.900     7.580     1.230     6.070     1.830 -0.193
Trumpler_28              2.330     7.500     6.600     1.420     9.150     2.681  0.326
Trumpler_29              1.576     4.400     8.685     1.200     4.970     1.527 99.999
Trumpler_30              1.771     5.000     8.350     2.860    10.210     3.187 99.999
Trumpler_33              2.031     5.800     7.840     1.360     4.310     1.363 -1.544
Turner_5                 3.609    22.300     8.490     0.000     0.000    -9.999 -0.258
Turner_9                 3.868    26.400     8.030     0.000     0.000    -9.999 99.999
vdBergh_92               2.772    12.900     7.360     0.920    10.990     3.014 99.999
vdBergh_113              4.841    45.500     8.300     3.120     9.390    -9.999 -0.358
vdBergh-Hagen_23         1.743     5.400     7.140     0.410     3.570     1.013 99.999
vdBergh-Hagen_34         2.365     8.700     8.480     0.920     4.700     1.412 99.999
vdBergh-Hagen_56         2.165     7.400     7.300     0.780     2.720     0.851 99.999
vdBergh-Hagen_66         4.618    57.500     8.870     3.340    11.520     3.609 99.999
vdBergh-Hagen_91         1.638     4.800     8.350     0.300     3.180     0.883 99.999
vdBergh-Hagen_99         1.984     6.300     8.000     0.830     4.410     1.319 90.128
vdBergh-Hagen_111        3.267    16.300     8.350     1.400    15.450     4.273 99.999
vdBergh-Hagen_121        4.443    39.800     6.640     2.920    14.970     4.495 99.999
vdBergh-Hagen_164        2.315     8.000     7.100     1.920     6.100     1.928 99.999
vdBergh-Hagen_205        1.952     5.400     7.120     0.950     5.390     1.601 99.999
vdBergh-Hagen_221        2.210     7.200     7.800     0.820     5.430     1.586 99.999
