#Diameters of Open Star Clusters
#
#van den Bergh S., 2006, Astron. J. 131, 1559 (2006AJ....131.1559V)
#
#Column contents:
#
#Name : cluster designation
#diameter : Cluster diameter in [pc]
#dist : Distance in [pc]
#Z : Distance from the galactic plane in [pc]
#EBV : Colour exces E(B-V) -- NOTE: some are missing this column, and not well separated below
#logt : logarithm of the age
#
#Name	diameter	dist	Z	EBV	logt
#
Alessi_1	4.22	302	-69	0.09	8.20
Alessi_2	4.37	501	55	0.18	8.50
Alessi_3	6.03	288	-76	0.11	8.70
Alessi_5	3.82	398	-14	0.15	7.60
Alessi_6	6.10	437	-42	0.19	8.20
Alessi_8	4.02	575	43	0.09	8.15
Alessi_9	6.24	195	-30	0.07	8.40
Alessi_10	2.69	513	-184	0.22	8.35
Alessi_12	6.25	537	-107	0.08	8.10
Alessi_13	13.41	110	-90	0.04	
Alessi_19	14.08	550	121	0.04	8.00
Arp-Madore_2	7.76	13341	-1366	0.57	9.34
Basel_1	3.17	2178	-74	0.48	7.89
Basel_4	8.25	5675	119	0.53	7.00
Basel_5	1.11	766	-25	0.32	8.87
Basel_6	3.15	1548	89	0.58	7.98
Basel_7	2.45	1684	16	0.40	8.03
Basel_8	11.20	1328	-3	0.37	8.01
Basel_10	1.13	1944	-89	0.77	7.61
Basel_11A	2.21	1520	-21	0.00	8.30
Basel_11B	1.48	1692	-33	0.32	7.82
Basel_12	1.71	1466	-32	0.57	8.50
Basel_13	3.60	1236	-27	0.34	8.80
Basel_14	1.40	964	-60	0.65	8.30
Basel_15	2.36	1355	-2	0.67	8.50
Basel_18	1.94	2226	8	0.52	7.59
Basel_20	5.89	2024	-122	0.41	7.42
Berkeley_2	3.05	5250	-211	0.80	8.90
Berkeley_7	2.99	2570	17	0.80	6.60
Berkeley_11	4.19	2881	-183	0.95	7.72
Berkeley_12	3.68	3162	-110	0.70	9.67
Berkeley_14	8.00	5500	68	0.52	9.20
Berkeley_17	5.50	2700	-172	0.70	10.08
Berkeley_18	20.25	5800	507	0.46	9.63
Berkeley_19	5.62	4831	-302	0.40	9.49
Berkeley_20	4.89	8400	-2494	0.12	9.78
Berkeley_21	7.27	5000	-219	0.76	9.34
Berkeley_22	2.23	7663	-1073	0.70	9.03
Berkeley_23	8.05	6918	657	0.40	8.90
Berkeley_28	2.23	2557	67	0.76	7.85
Berkeley_29	25.95	14871	2076	0.16	9.02
Berkeley_30	4.18	4790	389	0.50	8.48
Berkeley_31	12.03	8272	738	0.08	9.31
Berkeley_32	5.41	3100	238	0.16	9.53
Berkeley_33	5.39	4635	-374	0.70	8.85
Berkeley_39	9.73	4730	838	0.12	9.90
Berkeley_42	2.66	1826	-69	0.76	9.32
Berkeley_54	2.68	2300	-166	0.77	9.60
Berkeley_58	5.40	3715	-84	0.55	8.40
Berkeley_60	3.81	4365	-125	0.86	8.20
Berkeley_62	2.67	1837	35	0.85	7.18
Berkeley_64	2.32	3981	320	1.05	9.00
Berkeley_65	3.31	2274	11	1.12	7.00
Berkeley_66	6.05	5200	20	1.25	9.70
Berkeley_68	5.86	1678	-70	0.67	8.39
Berkeley_69	2.50	2860	-89	0.65	8.95
Berkeley_70	7.26	4158	260	0.48	9.67
Berkeley_79	4.01	2300	33	1.19	7.81
Berkeley_81	4.36	3000	-131	1.00	9.00
Berkeley_82	0.50	860	24	1.02	7.49
Berkeley_86	1.94	1112	25	0.90	7.12
Berkeley_87	1.84	633	3	1.37	7.15
Berkeley_93	3.26	5600	713	1.50	8.00
Berkeley_94	2.30	2630	-54	0.61	7.00
Berkeley_96	1.80	3087	-111	0.63	6.82
Berkeley_99	7.13	4900	860	0.30	9.50
van_den_Bergh-Hagen_23	4.96	437	-7	0.06	7.10
van_den_Bergh-Hagen_66	8.14	7000	-367	0.40	8.90
van_den_Bergh-Hagen_90	2.99	2572	-66	0.53	7.94
van_den_Bergh-Hagen_99	2.95	507	-6	0.06	7.60
van_den_Bergh-Hagen_144	4.08	9354	-515	0.60	8.83
van_den_Bergh-Hagen_176	11.69	13400	1008	0.77	
van_den_Bergh-Hagen_222	3.49	6000	-46	1.85	7.78
van_den_Bergh-Hagen_245	0.29	1000	-9	2.25	7.17
Biurakan_2	6.43	1106	26	0.36	7.01
Blanco_1	5.48	269	-264	0.01	7.80
Bochum_2	1.16	2661	-18	0.83	6.66
Bochum_3	2.05	1762	11	0.24	7.89
Bochum_4	3.33	2291	31	0.63	7.00
Bochum_5	3.80	872	12	0.19	7.54
Bochum_6	11.58	3981	-15	0.70	7.00
Bochum_7	33.48	5754	197	0.86	7.00
Bochum_9	20.07	4600	-126	0.63	
Bochum_10	11.79	2027	-11	0.31	6.86
Bochum_11	14.73	2412	-36	0.58	6.76
Bochum_12	6.45	2218	-69	0.24	7.61
Bochum_13	4.39	1077	26	0.85	6.82
Bochum_14	0.34	578	-5	1.51	7.00
Bochum_15	2.45	2806	-268	0.58	6.74
Carraro_1	2.21	1900	-10	0.25	9.48
Colliner_69	8.98	441	-92	0.10	7.05
Colliner_70	15.76	387	-115	0.04	6.98
Colliner_74	3.65	2510	-453	0.38	9.11
Colliner_96	3.36	962	-57	0.51	7.03
Colliner_97	4.58	630	-19	0.00	8.00
Colliner_107	14.66	1738	-27	0.54	7.00
Colliner_110	10.21	1950	-67	0.50	9.15
Colliner_121	12.19	471	-84	0.03	7.05
Colliner_132	10.98	472	-72	0.04	7.08
Colliner_135	4.60	316	-61	0.03	7.41
Colliner_140	3.42	405	-56	0.03	7.55
Colliner_173	45.22	421	-60	0.05	7.14
Colliner_185	2.59	1486	14	0.21	8.11
Colliner_197	6.09	838	14	0.55	7.13
Colliner_205	2.70	1853	-60	0.75	7.20
Colliner_223	4.41	1686	-48	0.26	7.01
Colliner_228	8.96	2201	-39	0.34	6.83
Colliner_232	3.49	2996	-27	0.57	6.67
Colliner_240	9.17	1577	5	0.31	7.16
Colliner_258	1.72	1184	41	0.16	8.03
Colliner_261	5.73	2190	-211	0.27	9.95
Colliner_268	2.86	1963	-149	0.31	8.76
Colliner_271	1.70	1169	-33	0.29	8.32
Colliner_272	5.95	2045	43	0.47	7.23
Colliner_285	9.90	25	18	0.00	8.30
Colliner_347	4.40	1514	-9	1.16	7.08
Colliner_359	17.37	249	54	0.19	7.51
Colliner_394	4.42	690	-112	0.24	7.80
Colliner_399	33.42	1291	44	0.38	8.20
Colliner_463	5.92	702	117	0.26	8.37
Colliner_469	1.29	1481	-20	0.42	7.80
Czernik_8	0.82	1409	-39	0.80	7.90
Czernik_13	4.61	3961	160	0.76	6.85
Czernik_20	3.92	3370	78	0.42	7.17
Czernik_29	6.06	4168	68	0.48	8.30
Dolidze_25	36.67	6304	-140	0.72	6.84
Dolidze_42	1.98	972	18	0.57	7.54
Feinstein_1	8.43	1159	8	0.40	7.00
ESO092-SC18	15.43	10607	-1229	0.50	9.02
ESO093-SC08	3.99	13700	-965	0.64	9.65
Harvard_10	9.54	1312	-75	0.36	8.34
Harvard_20	3.14	1540	-125	0.25	7.48
Haffner_6	5.33	3054	14	0.45	8.83
Haffner_7	2.45	1687	-53	0.71	8.02
Haffner_8	1.72	1182	28	0.03	9.15
Haffner_10	4.58	5248	92	0.52	9.10
Haffner_15	1.81	2078	-151	1.14	7.17
Haffner_16	4.60	3165	26	0.18	7.08
Haffner_17	1.68	2880	-127	1.26	7.70
Haffner_18	3.51	6028	47	0.61	6.89
Haffner_19	2.96	5094	47	0.42	6.93
Haffner_20	2.72	3117	-51	0.57	8.12
Haffner_21	2.58	2951	84	0.11	7.92
Havlen-Moffat_1	4.22	2900	-39	1.85	
Hogg_10	1.55	1776	2	0.46	6.78
Hogg_11	1.32	2277	5	0.32	7.08
Hogg_14	0.85	969	49	0.23	8.10
Hogg_15	1.32	2262	-10	1.09	6.78
Hogg_16	2.77	1585	37	0.41	7.05
Hogg_17	1.52	1310	-21	0.59	8.03
Hogg_18	2.23	1535	172	0.50	7.76
Hogg_22	1.06	1216	-24	0.65	6.78
IC_166	8.08	3970	-13	1.05	8.63
IC_348	0.78	385	-117	0.93	7.64
IC_361	1.87	1070	106	1.12	7.72
IC_1311	7.76	5333	398	0.76	8.62
IC_1369	3.03	2083	-15	0.57	8.64
IC_1442	3.41	2346	-90	0.54	6.98
IC_1590	24.80	2940	-320	0.32	6.54
IC_1805	10.97	1886	30	0.82	6.82
IC_1848	10.48	2002	32	0.60	6.84
IC_2157	2.97	2040	45	0.55	7.80
IC_2391	3.05	175	-21	0.01	7.66
IC_2395	3.49	705	-44	0.07	7.22
IC_2488	5.94	1134	-87	0.23	8.11
IC_2581	3.56	2446	2	0.42	7.14
IC_2602	4.68	161	-14	0.02	7.51
IC_2714	5.04	1238	-39	0.34	8.54
IC_2944	18.26	1794	-52	0.32	6.82
IC_4651	2.58	888	-122	0.12	9.06
IC_4665	7.17	352	103	0.17	7.63
IC_4725	5.23	620	-48	0.48	7.96
IC_4756	5.49	484	44	0.19	8.70
IC_4996	3.02	1732	39	0.67	6.95
IC_5146	4.96	852	-82	0.59	8.02
King_2	8.36	5750	-470	0.31	9.78
King_4	4.61	3172	-66	0.86	7.60
King_5	2.76	1900	-142	9.00
King_6	2.53	871	-1	0.50	8.34
King_7	4.48	2200	-39	1.25	8.80
King_8	7.45	6403	346	0.58	8.62
King_10	3.93	3379	-23	1.14	7.45
King_11	4.21	2892	326	1.27	9.05
King_12	2.08	2378	-5	0.59	7.04
King_14	4.53	2593	17	0.41	7.92
King_15	2.76	3162	-51	0.70	8.40
King_19	2.86	1967	5	0.55	8.56
King_21	2.45	2103	25	0.89	7.16
Kharchenko_1	5.13	2520	95	
Loden_2326	0.42	900	31	0.41	8.30
Lynga_1	1.99	2283	-13	0.46	8.01
Lynga_2	2.91	1000	-8	0.20	8.12
Lynga_6	2.33	1600	9	1.25	7.43
Lynga_14	0.77	881	-17	1.43	6.71
Markarian_38	0.86	1471	-24	0.40	6.88
Markarian_50	1.23	2114	-8	0.81	7.10
Mamajek_1	1.13	97	-36	0.00	6.90
Melotte_20	16.12	185	-23	0.09	7.85
Melotte_22	5.23	150	-60	0.03	8.13
Melotte_25	4.31	45	-17	0.01	8.90
Melotte_66	17.56	4313	-1061	0.14	9.44
Melotte_71	6.42	3154	247	0.11	8.37
Melotte_101	8.70	1995	-193	0.48	7.89
Melotte_155	3.21	2208	-93	0.48	8.32
Melotte_111	3.35	96	95	0.01	8.65
Melotte_227	2.44	120	-61	0.04	8.57
Moffat_1	6.72	3300	-57	1.84	6.60
NGC_103	3.52	3026	-73	0.41	8.13
NGC_129	8.98	1625	-72	0.55	7.89
NGC_133	1.28	630	6	0.60	7.00
NGC_136	1.79	4093	-91	0.56	8.30
NGC_146	6.17	3032	27	0.48	7.82
NGC_188	10.12	2047	780	0.08	9.63
NGC_189	0.66	752	-23	0.42	7.00
NGC_225	2.29	657	-12	0.27	8.11
NGC_366	1.82	1785	-18	1.26	7.41
NGC_381	2.00	1148	-24	0.40	8.50
NGC_433	1.35	2323	-106	0.86	7.50
NGC_436	4.38	3014	-205	0.46	7.93
NGC_457	14.13	2429	-186	0.47	7.32
NGC_559	2.20	1258	16	0.79	7.75
NGC_581	3.19	2194	-69	0.38	7.34
NGC_609	3.47	3981	145	0.35	9.23
NGC_637	1.88	2160	65	0.63	6.98
NGC_654	2.97	2041	-13	0.87	7.15
NGC_659	2.82	1938	-53	0.65	7.55
NGC_663	7.95	1952	-32	0.78	7.21
NGC_744	1.76	1207	-130	0.38	8.25
NGC_752	9.97	457	-180	0.03	9.05
NGC_869	10.89	2079	-136	0.58	7.07
NGC_884	12.28	2345	-146	0.56	7.03
NGC_957	5.28	1815	-84	0.84	7.04
NGC_1027	4.49	772	21	0.32	8.20
NGC_1039	5.08	499	-134	0.07	8.25
NGC_1193	3.75	4300	-909	0.12	9.90
NGC_1220	2.09	1800	-124	0.70	7.78
NGC_1245	7.53	2876	-446	0.30	8.70
NGC_1252	2.61	640	-496	0.02	9.48
NGC_1342	2.90	665	-176	0.32	8.66
NGC_1444	1.40	1199	-27	0.71	7.96
NGC_1496	1.43	1230	4	0.45	8.80
NGC_1502	1.91	821	109	0.76	7.05
NGC_1513	3.84	1320	-36	0.67	8.11
NGC_1528	3.61	776	3	0.26	8.57
NGC_1545	3.72	711	2	0.30	8.45
NGC_1605	4.47	2552	-71	0.97	7.61
NGC_1647	6.28	540	-156	0.37	8.16
NGC_1662	2.54	437	-157	0.30	8.62
NGC_1664	3.14	1199	-9	0.25	8.46
NGC_1750	3.67	630	-117	0.34	8.30
NGC_1758	1.99	760	-138	0.34	8.60
NGC_1778	3.42	1469	-52	0.34	8.16
NGC_1817	9.18	1972	-447	0.33	8.61
NGC_1893	10.50	3280	-96	0.58	7.03
NGC_1901	1.81	415	-230	0.06	8.92
NGC_1907	3.17	1556	8	0.42	8.57
NGC_1912	6.20	1066	13	0.25	8.46
NGC_1931	4.49	3086	15	0.74	7.00
NGC_1960	3.83	1318	25	0.22	7.47
NGC_1976	5.45	399	-132	0.05	7.11
NGC_2099	5.63	1383	75	0.30	8.54
NGC_2112	4.45	850	-186	0.63	9.30
NGC_2129	2.20	1515	1	0.65	7.32
NGC_2141	11.73	4033	-408	0.25	9.23
NGC_2158	7.38	5071	158	0.36	9.02
NGC_2168	5.93	816	32	0.26	7.98
NGC_2169	1.53	1052	-54	0.20	7.07
NGC_2175	2.37	1627	14	0.60	6.95
NGC_2186	2.10	1445	-156	0.27	7.74
NGC_2194	9.90	3781	-155	0.38	8.52
NGC_2204	7.65	2629	-729	0.08	8.90
NGC_2215	2.63	1293	-227	0.30	8.37
NGC_2232	4.70	359	-46	0.03	7.73
NGC_2236	5.97	2930	-87	0.48	8.54
NGC_2243	6.48	4458	-1379	0.05	9.03
NGC_2244	12.19	1445	-52	0.46	6.90
NGC_2251	3.87	1329	2	0.19	8.43
NGC_2254	3.44	2364	2	0.40	8.31
NGC_2259	2.89	3311	120	0.59	8.50
NGC_2264	7.57	667	26	0.05	6.95
NGC_2266	4.95	3400	608	0.10	8.80
NGC_2269	1.47	1687	9	0.40	8.42
NGC_2281	4.06	558	162	0.06	8.55
NGC_2286	11.80	2897	-115	0.17	8.88
NGC_2287	7.86	693	-126	0.03	8.38
NGC_2301	3.55	872	4	0.03	8.22
NGC_2302	1.72	1182	-64	0.21	7.85
NGC_2304	3.48	3991	617	0.10	8.90
NGC_2309	3.65	2511	-98	0.35	8.40
NGC_2311	4.00	2290	-28	0.33	8.60
NGC_2323	3.78	929	-22	0.21	8.10
NGC_2324	7.75	3805	219	0.13	8.63
NGC_2335	2.47	1417	-29	0.39	8.21
NGC_2343	1.54	1056	-22	0.12	7.10
NGC_2345	7.86	2251	-91	0.62	7.85
NGC_2353	5.86	1119	8	0.07	7.97
NGC_2354	21.39	4085	-483	0.31	8.13
NGC_2355	4.48	2200	450	0.12	8.85
NGC_2360	7.14	1887	-47	0.11	8.75
NGC_2362	2.02	1389	-134	0.10	6.91
NGC_2367	2.91	2004	-134	0.33	6.74
NGC_2374	5.12	1468	26	0.09	8.46
NGC_2383	2.41	1655	-71	0.21	7.17
NGC_2384	3.08	2116	-88	0.26	6.90
NGC_2395	2.09	512	124	0.12	9.07
NGC_2401	3.43	5888	190	0.35	7.80
NGC_2414	5.03	3455	117	0.51	6.98
NGC_2420	4.49	3085	1036	0.03	9.05
NGC_2421	4.44	2181	3	0.45	7.37
NGC_2422	3.56	490	27	0.07	7.86
NGC_2423	2.67	766	47	0.10	8.87
NGC_2425	5.89	4053	231	0.31	9.20
NGC_2432	3.32	1905	59	0.23	8.80
NGC_2437	8.00	1375	97	0.15	8.39
NGC_2439	10.09	3855	-300	0.41	7.25
NGC_2447	3.02	1037	2	0.05	8.59
NGC_2451B	9.49	302	-35	0.06	7.65
NGC_2453	2.50	2150	-35	0.45	7.19
NGC_2467	5.52	1355	9	0.34	7.10
NGC_2477	5.33	1222	-124	0.28	8.85
NGC_2482	3.91	1343	48	0.09	8.60
NGC_2483	3.38	1659	7	0.30	7.09
NGC_2489	6.91	3957	-53	0.37	7.26
NGC_2506	12.08	3460	597	0.08	9.04
NGC_2516	3.57	409	-112	0.10	8.05
NGC_2527	1.75	601	19	0.04	8.65
NGC_2533	4.91	3379	77	0.05	8.88
NGC_2539	3.57	1363	263	0.08	8.57
NGC_2546	18.71	919	-32	0.13	7.87
NGC_2547	3.31	455	-68	0.04	7.56
NGC_2548	6.71	769	204	0.03	8.56
NGC_2567	3.41	1677	87	0.13	8.47
NGC_2571	3.12	1342	83	0.14	7.49
NGC_2579	2.10	1033	4	0.15	7.61
NGC_2588	2.29	5248	224	0.30	8.60
NGC_2627	4.73	2034	236	0.09	8.57
NGC_2632	3.81	187	100	0.01	8.86
NGC_2635	1.67	5754	397	0.35	8.50
NGC_2645	1.46	1668	-85	0.38	7.28
NGC_2658	3.53	2021	214	0.04	9.15
NGC_2659	2.49	1713	-3	0.51	6.89
NGC_2660	2.88	2826	-149	0.31	9.03
NGC_2669	6.09	1046	-111	0.18	7.93
NGC_2670	2.42	1188	-75	0.43	7.69
NGC_2671	2.90	1660	23	1.04	7.90
NGC_2682	6.60	908	476	0.06	9.41
NGC_2818	4.86	1855	277	0.12	8.63
NGC_2866	1.11	1901	-25	0.63	7.66
NGC_2910	3.03	2607	-54	0.34	8.20
NGC_2925	2.25	774	-17	0.08	7.85
NGC_2972	1.80	2062	63	0.34	7.97
NGC_3033	1.07	922	-33	0.33	7.84
NGC_3105	2.84	4884	22	0.99	7.24
NGC_3114	9.27	911	-61	0.07	8.09
NGC_3228	0.79	544	43	0.03	7.93
NGC_3247	1.80	1547	-9	0.22	8.08
NGC_3255	0.84	1445	-66	0.25	8.30
NGC_3293	4.06	2327	3	0.26	7.01
NGC_3324	8.09	2317	-8	0.44	6.75
NGC_3330	1.04	894	60	0.05	8.23
NGC_3496	2.30	990	-7	0.47	8.47
NGC_3532	7.07	486	11	0.04	8.49
NGC_3572	2.90	1995	7	0.39	6.89
NGC_3590	1.44	1651	-5	0.45	7.23
NGC_3603	0.53	3634	-33	1.34	6.84
NGC_3680	1.36	938	273	0.07	9.08
NGC_3766	2.54	1745	-1	0.18	7.16
NGC_3960	3.28	2258	243	0.30	8.82
NGC_4052	3.17	1209	-19	0.16	8.50
NGC_4103	2.85	1632	33	0.29	7.39
NGC_4337	0.57	489	39	0.15	8.45
NGC_4349	3.16	2176	32	0.38	8.32
NGC_4439	2.08	1785	82	0.35	7.91
NGC_4463	1.07	1050	-37	0.43	7.50
NGC_4609	1.42	1223	-3	0.33	7.89
NGC_4755	5.75	1976	86	0.39	7.22
NGC_4815	4.48	3079	-113	0.81	8.37
NGC_5138	4.04	1986	122	0.26	7.99
NGC_5168	2.07	1777	48	0.43	8.00
NGC_5281	2.26	1108	-14	0.22	7.15
NGC_5316	4.95	1215	2	0.27	8.20
NGC_5460	6.90	678	148	0.09	8.21
NGC_5606	1.58	1805	31	0.47	7.08
NGC_5617	4.46	1533	-3	0.48	7.92
NGC_5662	5.62	666	39	0.31	7.97
NGC_5749	3.00	1031	82	0.38	7.73
NGC_5822	9.34	917	57	0.15	8.82
NGC_5823	4.16	1192	51	0.09	8.90
NGC_5999	1.79	2050	-69	0.45	8.60
NGC_6005	3.91	2690	-140	0.45	9.08
NGC_6025	3.08	756	-78	0.16	7.89
NGC_6031	1.59	1823	-48	0.37	8.07
NGC_6067	5.77	1417	-55	0.38	8.08
NGC_6087	3.63	891	-84	0.18	7.98
NGC_6124	5.81	512	54	0.75	8.15
NGC_6134	1.59	913	-3	0.40	8.97
NGC_6167	2.26	1108	-28	0.78	7.89
NGC_6178	1.47	1014	21	0.22	7.25
NGC_6192	4.05	1547	57	0.64	8.13
NGC_6193	4.70	1155	-32	0.48	6.78
NGC_6200	8.36	2054	-38	0.58	6.93
NGC_6204	1.58	1085	-20	0.43	7.56
NGC_6208	4.92	939	-94	0.21	9.07
NGC_6216	5.00	4300	0	0.45	7.54
NGC_6231	5.06	1243	26	0.44	6.84
NGC_6242	2.96	1131	49	0.38	7.61
NGC_6249	1.43	981	-20	0.44	7.39
NGC_6250	2.52	865	29	0.35	7.42
NGC_6253	1.76	1510	-164	0.20	9.70
NGC_6259	4.20	1031	-27	0.50	8.34
NGC_6268	1.80	1029	23	0.39	7.24
NGC_6281	1.11	479	16	0.15	8.50
NGC_6318	2.68	2300	-28	1.20	6.30
NGC_6322	1.45	996	-53	0.59	7.06
NGC_6383	5.73	985	1	0.30	6.96
NGC_6396	1.04	1192	-37	0.93	7.51
NGC_6405	2.83	487	-7	0.14	7.97
NGC_6416	3.02	741	-20	0.25	8.09
NGC_6425	2.26	778	-22	0.40	7.35
NGC_6451	4.24	2080	-58	0.67	8.13
NGC_6475	7.00	301	-24	0.10	8.48
NGC_6494	5.30	628	31	0.36	8.48
NGC_6514	6.65	816	-4	0.19	7.37
NGC_6520	2.29	1577	-78	0.43	7.72
NGC_6530	5.42	1330	-31	0.33	6.87
NGC_6531	2.91	1205	-7	0.28	7.07
NGC_6546	3.82	938	-23	0.49	7.85
NGC_6603	6.28	3600	-82	0.79	8.30
NGC_6604	2.47	1696	50	0.97	6.81
NGC_6611	3.05	1749	24	0.78	6.88
NGC_6613	1.88	1296	-23	0.45	7.22
NGC_6618	9.45	1300	-17	1.51	6.00
NGC_6631	4.54	2600	-8	0.45	8.60
NGC_6633	2.19	376	54	0.18	8.63
NGC_6649	1.99	1369	-19	1.20	7.57
NGC_6664	4.06	1164	-6	0.71	7.16
NGC_6683	1.04	1197	-16	0.54	7.00
NGC_6694	3.26	1600	-81	0.59	7.93
NGC_6704	4.33	2974	-115	0.72	7.86
NGC_6705	7.10	1877	-91	0.43	8.30
NGC_6709	4.38	1075	88	0.30	8.18
NGC_6716	2.30	789	-131	0.22	7.96
NGC_6755	5.79	1421	-42	0.83	7.72
NGC_6756	1.75	1507	-44	1.18	7.79
NGC_6791	17.03	5853	1107	0.12	9.64
NGC_6802	1.63	1124	18	0.85	8.87
NGC_6811	4.95	1215	253	0.16	8.80
NGC_6819	3.43	2360	348	0.24	9.17
NGC_6823	3.30	1893	-5	0.84	6.82
NGC_6830	2.38	1639	-51	0.50	7.57
NGC_6834	3.01	2067	43	0.71	7.88
NGC_6866	5.91	1450	173	0.17	8.58
NGC_6871	13.28	1574	56	0.44	6.96
NGC_6885	1.74	597	-42	0.08	9.16
NGC_6910	3.31	1139	40	0.97	7.13
NGC_6913	3.34	1148	12	0.74	7.11
NGC_6939	3.45	1185	253	0.32	9.35
NGC_6940	5.60	770	-96	0.21	8.86
NGC_6994	1.62	620	-346	0.07	9.40
NGC_6996	1.44	620	1	0.54	8.00
NGC_7031	3.67	900	36	0.85	8.14
NGC_7036	1.16	1000	-366	0.10	9.50
NGC_7039	3.87	951	-28	0.13	7.82
NGC_7044	5.52	3161	-229	0.59	9.28
NGC_7062	2.15	1480	-71	0.45	8.46
NGC_7063	1.80	689	-118	0.09	7.98
NGC_7067	1.16	1332	-39	0.85	7.49
NGC_7082	10.49	1442	-73	0.24	8.23
NGC_7086	4.53	1298	5	0.81	8.14
NGC_7092	2.75	326	-13	0.01	8.44
NGC_7128	2.68	2307	17	1.02	7.25
NGC_7142	5.89	1686	278	0.40	9.28
NGC_7160	1.15	789	89	0.38	7.28
NGC_7209	4.76	1168	-149	0.17	8.62
NGC_7226	1.52	2616	-27	0.54	8.44
NGC_7235	4.11	2823	39	0.93	7.07
NGC_7243	6.82	808	-78	0.22	8.06
NGC_7245	3.06	2106	-68	0.47	8.25
NGC_7261	2.44	1681	27	0.97	7.67
NGC_7380	12.93	2222	-34	0.60	7.08
NGC_7419	2.01	1382	27	1.83	7.28
NGC_7510	3.62	2075	2	0.86	7.58
NGC_7654	6.20	1421	11	0.65	7.76
NGC_7762	3.03	744	76	0.71	8.42
NGC_7772	1.31	1500	-1047	0.03	9.17
NGC_7788	2.76	2374	-32	0.28	7.59
NGC_7789	16.99	2337	-219	0.22	9.24
NGC_7790	4.28	2944	-52	0.53	7.75
Pismis_1	5.15	5907	-73	0.58	7.93
Pismis_2	3.85	3310	-193	0.05	9.06
Pismis_3	2.03	1394	12	1.30	9.03
Pismis_4	4.31	593	-25	0.01	7.53
Pismis_5	0.51	869	14	0.42	7.20
Pismis_8	1.14	1312	-59	0.71	7.43
Pismis_11	1.63	2800	-20	1.25	7.34
Pismis_16	1.06	1824	22	0.56	7.84
Pismis_17	6.12	3504	9	0.47	7.02
Pismis_18	2.61	2240	8	0.50	9.08
Pismis_19	2.09	2400	-13	1.45	9.00
Pismis_20	2.35	2018	-42	1.18	6.86
Pismis_22	1.16	1000	-10	2.00	7.60
Pismis_23	0.76	2600	20	2.00	8.48
Pismis_24	2.90	1995	22	1.72	7.00
Pismis-Moreno_1	1.57	900	83	
Platais_1	3.69	1268	-36	0.36	8.24
Platais_2	19.61	201	-102	8.60
Platais_3	10.18	161	45	8.60
Platais_4	16.37	276	-52	8.00
Platais_5	23.71	272	-88	7.78
Platais_6	25.49	348	-38	7.78
Platais_8	35.94	132	-18	7.78
Platais_9	20.00	174	10	8.00
Platais_10	23.15	246	13	8.00
Platais_11	12.14	232	-15	8.30
Platais_12	14.03	402	-10	8.30
Roslund_3	2.13	1467	-120	0.35	8.04
Roslund_4	2.65	2510	-56	0.99	7.45
Roslund_5	5.66	389	2	0.10	7.83
Ruprecht_18	2.15	1056	-91	0.70	7.65
Ruprecht_20	1.76	1208	-121	0.10	8.50
Ruprecht_32	7.78	5346	-53	0.50	7.08
Ruprecht_36	2.44	1681	-10	0.17	7.61
Ruprecht_44	13.76	4730	40	0.62	6.94
Ruprecht_46	0.66	752	77	0.07	9.60
Ruprecht_47	3.50	3006	-10	0.28	7.89
Ruprecht_49	1.06	1823	72	0.26	7.93
Ruprecht_55	7.12	4892	69	0.56	6.85
Ruprecht_59	0.76	874	14	0.09	7.73
Ruprecht_67	2.62	1504	-21	0.43	8.26
Ruprecht_72	2.63	3019	230	0.24	9.10
Ruprecht_76	1.84	1262	-21	0.38	7.73
Ruprecht_77	6.01	4129	-225	0.62	7.50
Ruprecht_78	1.43	1641	-54	0.35	7.99
Ruprecht_79	2.88	1979	-25	0.72	7.09
Ruprecht_82	3.57	2455	-20	0.29	8.50
Ruprecht_83	2.15	2459	-26	0.45	8.45
Ruprecht_92	4.81	2362	-82	0.46	7.80
Ruprecht_93	2.93	1437	-28	0.23	8.19
Ruprecht_97	1.97	1357	-12	0.23	8.34
Ruprecht_98	2.01	494	-20	0.16	8.51
Ruprecht_107	1.26	1442	-56	0.46	7.48
Ruprecht_108	2.62	901	63	0.14	8.42
Ruprecht_115	3.14	2160	-32	0.65	8.78
Ruprecht_118	1.17	1343	-42	0.41	8.11
Ruprecht_119	2.22	956	-31	0.57	6.85
Ruprecht_120	1.75	2000	-17	0.70	8.18
Ruprecht_127	2.13	1466	-64	0.99	7.35
Ruprecht_130	1.83	2100	-35	1.20	7.70
Ruprecht_147	1.27	174	-39	0.15	
Ruprecht_148	3.52	3028	-21	0.70	7.72
Ruprecht_158	2.42	4168	323	0.24	9.20
Saurer_1	13.93	11970	1425	0.12	9.85
Saurer_2	5.47	4700	-82	1.24	9.40
Saurer_3	6.16	8830	462	0.62	9.45
Saurer_4	3.24	6190	-112	1.24	9.18
Saurer_6	4.89	9330	511	0.77	9.29
Sher_1	1.71	5875	-25	1.37	6.71
Stephenson_1	2.27	390	104	0.04	7.73
Stock_1	7.45	320	13	0.15	
Stock_2	3.97	303	-10	0.38	8.23
Stock_7	1.02	698	0	0.61	7.21
Stock_8	7.42	1821	-9	0.44	7.06
Stock_10	2.76	380	24	0.06	8.35
Stock_13	2.29	1577	44	0.22	7.22
Stock_14	3.75	2146	-25	0.22	7.06
Stock_16	1.43	1640	2	0.49	6.92
Stock_17	0.62	2144	10	0.74	6.78
Stock_24	4.10	2818	-44	0.50	8.08
Tombaugh_1	4.36	3000	-382	0.40	9.00
Tombaugh_2	11.57	13260	-1588	0.08	9.01
Trumpler_1	2.24	2563	-51	0.58	7.48
Trumpler_2	3.22	651	-44	0.32	8.17
Trumpler_5	12.22	3000	55	0.58	9.61
Trumpler_7	2.14	1474	-86	0.27	7.43
Trumpler_9	3.33	2289	51	0.25	8.00
Trumpler_10	3.58	424	5	0.03	7.54
Trumpler_11	4.51	3100	-263	0.21	
Trumpler_14	3.97	2733	-28	0.52	6.83
Trumpler_15	7.55	1853	-12	0.43	6.93
Trumpler_16	7.78	2673	-31	0.49	6.79
Trumpler_17	3.18	2189	17	0.60	7.71
Trumpler_18	1.98	1358	-3	0.32	7.19
Trumpler_21	1.84	1263	-7	0.20	7.70
Trumpler_22	4.41	1516	-15	0.52	7.95
Trumpler_24	19.86	1138	30	0.42	6.92
Trumpler_27	2.11	1211	-16	1.19	7.06
Trumpler_28	1.95	1343	-7	0.73	7.29
Trumpler_31	1.43	986	-39	0.35	8.87
Trumpler_32	2.50	1720	39	0.64	8.48
Trumpler_33	2.55	1755	-99	0.36	7.68
Trumpler_35	1.75	1206	0	1.22	7.86
Trumpler_37	21.61	835	54	0.47	7.05
Turner_1	1.95	1675	21	0.48	7.46
Waterloo_1	6.40	4400	137	0.90	
Waterloo_2	0.66	570	31	0.17	
Waterloo_3	3.03	5200	131	0.34	
Waterloo_6	0.92	1578	-73	0.24	7.67
Waterloo_7	2.12	2800	30	0.42	
Westerlund_1	4.54	5200	-50	3.00	
Westerlund_2	1.09	1874	-11	0.78	7.22
